31

0
0.000000
0.000000
0.000000
0.000000
0.000000
-26.000000
0.000000
0.000000
0.000000
0.000000
0.000000
0.000000
0.000000
0.000000
0.000000
0.000000
0.000000
0.000000
0.000000
0.000000
0.000000
0.000000
0.000000
0.000000
0.000000
0.000000

1
1.000000
0.000000
0.000000
0.000000
7.000000
41.000000
0.000000
0.000000
0.000000
0.000000
0.000000
0.000000
0.000000
0.000000
0.000000
0.000000
0.000000
0.000000
0.000000
0.000000
0.000000
0.000000
0.000000
0.000000
0.000000
0.000000

2
2.000000
0.000000
0.000000
0.000000
-6.144508
99.020813
0.000000
0.000000
0.000000
0.000000
0.000000
0.000000
0.000000
0.000000
0.000000
0.000000
0.000000
0.000000
0.000000
0.000000
0.000000
0.000000
0.000000
0.000000
0.000000
0.000000

3
3.000000
0.000000
0.000000
0.000000
7.779206
42.205742
0.000000
0.000000
45.000000
0.000000
0.000000
0.000000
0.000000
0.000000
45.000000
0.000000
0.000000
0.000000
0.000000
0.000000
0.000000
0.000000
0.000000
0.000000
0.000000
0.000000

4
4.000000
0.000000
0.000000
0.000000
5.833325
16.385071
0.000000
0.000000
0.000000
0.000000
0.000000
0.000000
0.000000
0.000000
0.000000
0.000000
0.000000
0.000000
0.000000
0.000000
0.000000
45.000000
0.000000
0.000000
0.000000
0.000000

5
5.000000
0.000000
0.000000
0.000000
7.569126
41.463089
0.000000
0.000000
-1.021391
0.000000
0.000000
45.000000
0.000000
0.000000
-1.021391
0.000000
0.000000
45.000000
0.000000
0.000000
0.000000
0.000000
0.000000
0.000000
0.000000
0.000000

6
6.000000
0.000000
0.000000
0.000000
-1.004860
40.479950
0.000000
0.000000
-1.335999
0.000000
0.000000
0.000000
0.000000
0.000000
-1.335999
0.000000
0.000000
0.000000
0.000000
0.000000
0.000000
0.000000
45.000000
0.000000
0.000000
0.000000

7
7.000000
0.000000
0.000000
0.000000
8.919582
40.608578
0.000000
0.000000
0.000000
0.000000
0.000000
0.000000
0.000000
0.000000
0.000000
0.000000
0.000000
0.000000
45.000000
45.000000
0.000000
0.000000
0.000000
0.000000
0.000000
0.000000

8
8.000000
0.000000
0.000000
0.000000
7.287989
40.579372
0.000000
0.000000
-0.211885
0.000000
0.000000
-0.415679
0.000000
0.000000
-0.211885
0.000000
0.000000
0.000000
0.000000
0.000000
0.000000
0.000000
7.454632
0.000000
45.000000
0.000000

9
9.000000
0.000000
0.000000
0.000000
0.012974
37.399742
0.000000
0.000000
-3.333233
0.000000
0.000000
0.000000
0.000000
0.000000
-3.333233
0.000000
0.000000
0.000000
0.000000
0.000000
0.000000
0.000000
0.000000
0.000000
0.000000
0.000000

10
10.000000
0.000000
0.000000
0.000000
0.012974
37.399742
0.000000
0.000000
-3.333233
0.000000
0.000000
0.000000
0.000000
0.000000
-3.333233
45.000000
45.000000
0.000000
0.000000
0.000000
0.000000
0.000000
0.000000
0.000000
0.000000
0.000000

11
11.000000
0.000000
0.000000
0.000000
0.546112
40.438187
0.000000
0.000000
-1.067647
0.000000
0.000000
-3.192516
0.000000
0.000000
-1.067647
0.000000
0.000000
-3.202903
10.739174
10.739174
0.000000
0.000000
38.401909
45.000000
-1.124456
0.000000

12
12.000000
0.000000
0.000000
0.000000
8.006264
27.576420
0.000000
0.000000
32.029068
0.000000
0.000000
-2.076150
0.000000
0.000000
32.029068
0.000000
0.000000
-2.076150
0.000000
0.000000
0.000000
18.362997
0.000000
0.000000
0.000000
0.000000

13
13.000000
5.000000
0.000000
0.000000
7.556215
25.000000
0.000000
0.000000
25.210651
0.000000
0.000000
-2.827505
0.000000
0.000000
25.210651
0.000000
0.000000
-2.827505
0.000000
0.000000
0.000000
25.478365
0.000000
0.000000
0.000000
0.000000

14
14.000000
0.000000
0.000000
0.000000
7.556215
0.000000
0.000000
0.000000
25.210651
0.000000
0.000000
-2.827505
0.000000
0.000000
25.210651
0.000000
0.000000
-2.827505
0.000000
0.000000
0.000000
25.478365
0.000000
0.000000
0.000000
0.000000

15
15.000000
0.000000
5.000000
0.000000
7.556215
1.000000
0.000000
0.000000
25.210651
0.000000
0.000000
-2.827505
0.000000
0.000000
25.210651
0.000000
0.000000
-2.827505
0.000000
0.000000
0.000000
25.478365
0.000000
0.000000
0.000000
0.000000

16
16.000000
0.000000
0.000000
0.000000
7.556215
1.000000
0.000000
0.000000
25.210651
0.000000
0.000000
-2.827505
0.000000
0.000000
25.210651
0.000000
0.000000
-2.827505
0.000000
0.000000
0.000000
25.478365
0.000000
0.000000
0.000000
0.000000

17
17.000000
0.000000
0.000000
2.000000
5.486374
39.841434
0.000000
7.000000
-0.949553
0.000000
0.000000
-0.349556
0.000000
0.000000
-0.949553
-1.242094
-1.242094
0.000000
-3.255589
-3.255589
1.000000
0.000000
6.268806
0.000000
37.841743
0.000000

18
18.000000
0.000000
0.000000
0.000000
7.736961
25.333244
0.000000
0.000000
0.083909
0.000000
0.000000
-2.572724
0.000000
0.000000
0.593689
0.000000
0.000000
-2.572724
0.000000
0.000000
0.960838
22.841183
0.000000
0.000000
0.000000
0.000000

19
19.000000
0.000000
0.000000
0.000000
10.748966
3.912910
0.000000
0.000000
-0.312107
0.000000
0.000000
-1.258082
0.000000
0.000000
-0.312107
0.000000
0.000000
-1.288307
37.544018
37.544018
0.000000
0.000000
11.474434
0.000000
-3.272216
0.000000

20
20.000000
0.000000
0.000000
0.000000
25.962254
45.179016
0.000000
-65.035049
-3.575671
0.000000
0.000000
-0.579620
0.000000
0.000000
-3.575671
40.161659
40.161659
-0.581636
2.084490
2.084490
0.000000
-0.354250
7.453867
8.734567
-0.218259
26.000000

21
21.000000
0.000000
0.000000
0.000000
5.985113
40.054993
0.000000
65.000000
-0.738725
0.000000
0.000000
-0.374763
0.000000
0.000000
-0.738725
-0.799625
-0.799625
0.000000
-2.964642
-2.964642
1.000000
0.000000
6.720851
0.000000
40.570522
0.000000

22
22.000000
0.000000
0.000000
0.000000
-0.084073
38.585289
0.000000
0.000000
-3.789422
0.000000
0.000000
-0.856435
0.000000
0.000000
-3.789422
36.728672
36.728672
-0.859434
3.100190
3.100190
0.000000
-0.576517
11.085881
12.990622
-0.324609
0.000000

23
23.000000
0.000000
-3.000000
2.000000
29.676971
49.800171
0.000000
-0.408378
26.736828
0.000000
0.000000
-2.972068
0.000000
0.000000
26.736828
0.072463
0.072463
-2.992461
0.189930
0.189930
-0.058340
26.964764
-0.365720
0.000000
-2.207674
0.000000

24
24.000000
0.000000
-3.000000
2.000000
29.676971
49.800171
0.000000
-0.408378
26.736828
0.000000
0.000000
-2.972068
0.000000
0.000000
26.736828
0.072463
0.072463
-2.992461
0.189930
0.189930
-0.058340
26.964764
-0.365720
0.000000
-2.207674
0.000000

25
7.888459
0.000000
0.000000
0.000000
7.782287
-135.271545
0.000000
0.000000
-0.051613
45.000000
45.000000
-0.403615
0.000000
0.000000
-0.051613
0.000000
0.000000
0.000000
3.535721
3.535721
0.000000
25.000000
6.989579
0.000000
43.694016
0.000000

26
8.853733
0.000000
0.000000
0.000000
7.782287
-135.271545
7.856630
0.000000
0.000000
45.000000
45.000000
0.000000
0.000000
0.000000
-0.051613
0.000000
0.000000
0.000000
3.535721
3.535721
0.000000
25.000000
6.989579
0.000000
43.694016
0.000000

27
10.267420
0.000000
0.000000
0.000000
7.782287
-135.271545
-15.558052
0.000000
0.000000
45.000000
45.000000
0.000000
0.000000
0.000000
-0.051613
0.000000
0.000000
0.000000
3.535721
3.535721
0.000000
25.000000
6.989579
0.000000
43.694016
0.000000

28
10.785072
0.000000
0.000000
0.000000
-36.959267
-136.899918
0.000000
0.000000
0.000000
45.000000
45.000000
0.000000
0.000000
0.000000
-0.051613
0.000000
0.000000
0.000000
3.535721
3.535721
0.000000
25.000000
6.989579
0.000000
43.694016
0.000000

29
14.373568
0.000000
0.000000
0.000000
-36.959267
-136.899918
0.000000
0.000000
0.000000
45.000000
45.000000
0.000000
0.000000
0.000000
-0.051613
0.000000
0.000000
0.000000
3.535721
3.535721
0.000000
25.000000
6.989579
0.000000
43.694016
92.000000

30
17.322557
0.000000
0.000000
0.000000
-7.654507
-136.899918
0.000000
0.000000
0.000000
45.000000
45.000000
0.000000
0.000000
0.000000
-0.051613
0.000000
0.000000
0.000000
3.535721
3.535721
0.000000
25.000000
6.989579
0.000000
43.694016
92.000000

31
23.070459
0.000000
0.000000
0.000000
-43.961151
-136.899918
0.000000
0.000000
0.000000
45.000000
45.000000
0.000000
0.000000
0.000000
-0.051613
0.000000
0.000000
0.000000
3.535721
3.535721
0.000000
25.000000
6.989579
0.000000
43.694016
92.000000

