8

0
0.000000
0.000000
-0.750000
0.000000
0.000000
0.000000
0.000000
0.000000
0.000000
0.000000
0.000000
-90.000000
0.000000
-70.000000
0.000000
-90.000000
0.000000
0.000000
0.000000
45.000000
0.000000
0.000000
75.000000
0.000000
0.000000
0.000000
-90.000000
0.000000
70.000000
0.000000
-90.000000
0.000000
0.000000
0.000000
-45.000000
0.000000
0.000000
0.000000
0.000000
0.000000
0.000000
0.000000

1
0.0500000
0.000000
-0.700000
0.000000
0.000000
0.000000
0.000000
0.000000
0.000000
0.000000
0.000000
-90.000000
0.000000
-22.000000
0.000000
-90.000000
0.000000
0.000000
0.000000
13.936490
0.000000
0.000000
68.025505
0.000000
0.000000
0.000000
-90.000000
0.000000
22.000000
0.000000
-90.000000
0.000000
0.000000
0.000000
-45.000000
0.000000
0.000000
75.991142
0.000000
0.000000
-31.054392
0.000000

2
0.100000
0.000000
-0.450000
0.000000
0.000000
0.000000
0.000000
0.000000
0.000000
0.000000
0.000000
-90.000000
0.000000
90.000000
0.000000
-90.000000
0.000000
0.000000
0.000000
-94.179100
0.000000
0.000000
105.000000
0.000000
0.000000
48.978699
-90.000000
0.000000
-70.000000
0.000000
-90.000000
0.000000
0.000000
0.000000
38.100800
0.000000
0.000000
0.000000
0.000000
0.000000
35.415001
0.000000

3
0.150000
0.000000
0.049743
0.000000
0.000000
0.000000
0.000000
0.000000
0.000000
0.000000
0.000000
-90.000000
0.000000
90.000000
0.000000
-90.000000
0.000000
0.000000
0.000000
-105.000000
0.000000
0.000000
37.671200
0.000000
0.000000
-23.660000
-90.000000
0.000000
-90.000000
0.000000
-90.000000
0.000000
0.000000
0.000000
63.810600
0.000000
0.000000
45.690201
0.000000
0.000000
-15.300000
0.000000

4
0.200000
0.000000
-0.750000
0.000000
0.000000
0.000000
0.000000
0.000000
0.000000
0.000000
0.000000
-90.000000
0.000000
70.000000
0.000000
-90.000000
0.000000
0.000000
0.000000
-45.000000
0.000000
0.000000
0.000000
0.000000
0.000000
0.000000
-90.000000
0.000000
-70.000000
0.000000
-90.000000
0.000000
0.000000
0.000000
45.000000
0.000000
0.000000
75.000000
0.000000
0.000000
0.000000
0.000000

5
0.250000
0.000000
-0.700000
0.000000
0.000000
0.000000
0.000000
0.000000
0.000000
0.000000
0.000000
-90.000000
0.000000
22.000000
0.000000
-90.000000
0.000000
0.000000
0.000000
-45.000000
0.000000
0.000000
75.991142
0.000000
0.000000
-31.054392
-90.000000
0.000000
-22.000000
0.000000
-90.000000
0.000000
0.000000
0.000000
13.936490
0.000000
0.000000
68.025505
0.000000
0.000000
0.000000
0.000000

6
0.300000
0.000000
-0.450000
0.000000
0.000000
0.000000
0.000000
0.000000
0.000000
0.000000
0.000000
-90.000000
0.000000
-70.000000
0.000000
-90.000000
0.000000
0.000000
0.000000
38.100800
0.000000
0.000000
0.000000
0.000000
0.000000
35.415001
-90.000000
0.000000
90.000000
0.000000
-90.000000
0.000000
0.000000
0.000000
-94.179100
0.000000
0.000000
105.000000
0.000000
0.000000
48.978699
0.000000

7
0.350000
0.000000
0.049743
0.000000
0.000000
0.000000
0.000000
0.000000
0.000000
0.000000
0.000000
-90.000000
0.000000
-90.000000
0.000000
-90.000000
0.000000
0.000000
0.000000
63.810600
0.000000
0.000000
45.690201
0.000000
0.000000
-15.300000
-90.000000
0.000000
90.000000
0.000000
-90.000000
0.000000
0.000000
0.000000
-105.000000
0.000000
0.000000
37.671200
0.000000
0.000000
-23.660000
0.000000

8
0.400000
0.000000
-0.750000
0.000000
0.000000
0.000000
0.000000
0.000000
0.000000
0.000000
0.000000
-90.000000
0.000000
-70.000000
0.000000
-90.000000
0.000000
0.000000
0.000000
45.000000
0.000000
0.000000
75.000000
0.000000
0.000000
0.000000
-90.000000
0.000000
70.000000
0.000000
-90.000000
0.000000
0.000000
0.000000
-45.000000
0.000000
0.000000
0.000000
0.000000
0.000000
0.000000
0.000000
