5    47.0278396
5    0.0000000
6    27.7685203
7    26.9135532
9    53.6653404
11    53.4759368
14    77.5995864
17    77.2717895
20    76.8994140
22    51.0829582
26    101.6880187
28    49.3583412
32    100.7150726
36    97.6276473
40    99.5321960
44    99.0295104
49    122.9105224
53    95.3652496
57    97.1439666
62    120.5865325
67    116.8005981
72    116.1062622
77    115.2923812
82    114.5317993
87    113.6880416
93    135.4646453
98    112.0573730
104    133.4757080
109    107.8795166
116    149.7646636
122    127.3452758
128    126.4222488
134    125.5230102
139    103.9155426
145    123.7113342
153    163.5322875
159    121.6742401
166    140.9698791
173    139.7875213
180    138.7017517
186    117.9430694
193    136.5480651
