8    63.6294250
8    0.0000000
10    43.2226829
13    61.7030029
18    102.3164443
20    39.9520568
23    60.9805679
27    80.9847717
31    80.5996627
36    100.1682815
40    78.0701065
45    99.0334396
51    118.1195373
56    95.8441925
62    116.5954132
68    113.5245590
74    112.7989120
81    130.5677795
86    92.7230911
93    131.3518066
100    127.8678894
107    124.4754257
114    123.5352249
121    122.6348953
128    121.7899703
135    120.8981018
143    137.1271820
151    136.0544128
160    151.7501831
166    100.4890441
175    149.5115966
183    131.9000244
