6    0.0000008
6    0.0000008
8    5.5389394
6    -0.0110661
7    2.6823189
9    8.2084016
11    13.7168292
14    21.4799995
16    26.6346397
19    34.3387985
21    39.4565048
23    44.5585479
26    46.6431121
29    59.7788314
32    64.6337585
36    69.1186904
40    73.5634765
44    75.6973724
48    80.3775177
53    84.8887329
57    89.4807052
62    96.4373245
67    100.7858581
72    104.8064575
77    108.7884521
82    110.2285308
87    111.6461791
93    115.2967987
98    116.6717758
103    115.5942382
109    118.8155899
115    119.6048965
121    120.3792953
127    121.4248046
133    122.4583740
138    121.4074859
144    122.4322738
151    123.2170867
158    126.2361297
164    127.1921386
171    128.2700653
177    127.3353729
184    128.3858489
