6    46.8867225
7    26.9338493
8    26.8788299
10    53.5733451
13    77.7363204
16    77.3754196
19    77.0257797
22    76.6949615
24    50.9839897
27    76.1653289
30    75.7652282
33    75.4527130
37    99.9600143
41    99.4233474
45    98.8142318
50    122.7536087
54    95.1474761
58    96.9555969
63    120.4122924
68    116.6588821
73    115.9339675
78    115.0800933
84    137.0488891
89    113.4507217
94    112.6633605
100    134.2522125
105    108.3470611
111    129.0988922
117    128.1722564
122    106.1120529
129    147.2568206
135    125.2818832
142    145.0476531
148    123.3349761
154    122.4889831
161    141.7233581
168    140.5848388
174    119.6553878
