8

0
0.000000
0.000000
0.000000
0.000000
33.314369
63.807571
0.000000
0.000000
0.000000
0.000000
0.000000
0.000000
0.000000
0.000000
0.000000
0.000000
0.000000
0.000000
0.000000
0.000000
0.000000
0.000000
0.000000
0.000000
0.000000
0.000000

1
0.300000
0.000000
1.614767
0.000000
33.314369
63.807571
0.000000
-45.000000
0.000000
0.000000
45.000000
0.000000
0.000000
-45.000000
0.000000
0.000000
31.540773
0.000000
0.000000
-45.000000
1.000000
0.000000
0.000000
0.000000
0.000000
90.000000

2
0.600000
0.000000
0.000000
0.000000
18.000000
-229.000000
0.000000
0.000000
0.000000
0.000000
0.000000
0.000000
0.000000
0.000000
0.000000
0.000000
0.000000
0.000000
0.000000
0.000000
0.000000
0.000000
0.000000
0.000000
0.000000
-90.000000

3
0.900000
0.000000
0.000000
0.000000
18.000000
180.000000
0.000000
0.000000
0.000000
0.000000
0.000000
0.000000
0.000000
0.000000
0.000000
0.000000
0.000000
0.000000
0.000000
0.000000
0.000000
55.000000
55.000000
0.000000
0.000000
90.000000

4
1.200000
5.000000
-5.000000
-5.000000
33.297619
-180.000000
0.000000
-45.000000
45.000000
0.000000
45.000000
-45.000000
0.000000
-45.000000
-45.000000
0.000000
15.291146
-45.000000
0.000000
4.390105
1.000000
0.000000
0.000000
38.195419
53.345375
-90.000000

5
1.500000
3.823165
2.886525
-1.916486
33.297619
-180.000000
0.000000
0.000000
-45.000000
0.000000
45.000000
45.000000
0.000000
-45.000000
45.000000
0.000000
15.291146
45.000000
0.000000
4.390105
0.000000
50.000000
50.000000
38.195419
53.345375
0.000000

6
1.800000
0.000000
0.000000
0.000000
33.314369
63.807571
0.000000
30.000000
0.000000
0.000000
45.000000
0.000000
0.000000
45.000000
0.000000
0.000000
45.000000
0.000000
0.000000
-45.000000
1.000000
0.000000
0.000000
45.000000
45.000000
-90.000000

7
2.100000
5.000000
0.000000
0.000000
41.314369
20.807571
0.000000
-30.000000
0.000000
0.000000
-45.000000
0.000000
0.000000
-45.000000
0.000000
0.000000
45.000000
0.000000
0.000000
-45.000000
0.000000
0.000000
0.000000
45.000000
45.000000
90.000000

8
2.400000
0.000000
0.000000
0.000000
33.314369
63.807571
0.000000
0.000000
0.000000
0.000000
0.000000
0.000000
0.000000
0.000000
0.000000
0.000000
0.000000
0.000000
0.000000
0.000000
0.000000
0.000000
0.000000
0.000000
0.000000
0.000000

