8

0
0.000000
0
0
0
0
0
0
0
0
0
0
0
0
0
0
0
0
0
0
45
0
0
75
0
0
0
0
0
0
0
0
0
0
0
-45
0
0
0
0
0
0
0.000000

1
0.050000
0
-0.219319
0
0
0
0
0
0
0
0
0
0
0
0
0
0
0
0
13.93649
0
0
68.025505
0
0
0
0
0
0
0
0
0
0
0
-45
0
0
71.502876
0
0
-40.519363
0.000000

2
0.100000
0
0.049743
0
0
0
0
0
0
0
0
0
0
0
0
0
0
0
0
-94.1791
0
0
105
0
0
48.978699
0
0
0
0
0
0
0
0
38.1008
0
0
0
0
0
35.415001
0.000000

3
0.150000
0
0.049743
0
0
0
0
0
0
0
0
0
0
0
0
0
0
0
0
-105
0
0
37.6712
0
0
-23.66
0
0
0
0
0
0
0
0
63.8106
0
0
45.690201
0
0
-15.3
0.000000

4
0.200000
0
0
0
0
0
0
0
0
0
0
0
0
0
0
0
0
0
0
-45
0
0
0
0
0
0
0
0
0
0
0
0
0
0
45
0
0
75
0
0
0
0.000000

5
0.250000
0
-0.219319
0
0
0
0
0
0
0
0
0
0
0
0
0
0
0
0
-45
0
0
71.502876
0
0
-40.519363
0
0
0
0
0
0
0
0
13.93649
0
0
68.025505
0
0
0
0.000000

6
0.300000
0
0.049743
0
0
0
0
0
0
0
0
0
0
0
0
0
0
0
0
38.1008
0
0
0
0
0
35.415001
0
0
0
0
0
0
0
0
-94.1791
0
0
105
0
0
48.978699
0.000000

7
0.350000
0
0.049743
0
0
0
0
0
0
0
0
0
0
0
0
0
0
0
0
63.8106
0
0
45.690201
0
0
-15.3
0
0
0
0
0
0
0
0
-105
0
0
37.6712
0
0
-23.66
0.000000

8
0.400000
0
0
0
0
0
0
0
0
0
0
0
0
0
0
0
0
0
0
45
0
0
75
0
0
0
0
0
0
0
0
0
0
0
-45
0
0
0
0
0
0
0.000000

